      1 13 43 16.190081 13 43 16.221267 106
      1 13 43 16.190081 13 43 16.237581 106
      1 13 43 16.190081 13 43 16.265700 106
      2 13 43 17.978158 13 43 17.986212 275
      2 13 43 17.978158 13 43 17.989930 275
      2 13 43 17.978158 13 43 17.997639 275
      3 13 43 19.766030 13 43 19.768865 281
      3 13 43 19.766030 13 43 19.771873 281
      3 13 43 19.766030 13 43 19.782783 281
      4 13 43 21.554064 13 43 21.558435 119
      4 13 43 21.554064 13 43 21.563250 119
      4 13 43 21.554064 13 43 21.575441 119
      5 13 43 23.341865 13 43 23.345188 137
      5 13 43 23.341865 13 43 23.347377 137
      5 13 43 23.341865 13 43 23.360804 137
      6 13 43 25.129844 13 43 25.131647 269
      6 13 43 25.129844 13 43 25.133312 269
      6 13 43 25.129844 13 43 25.141183 269
      7 13 43 26.916911 13 43 26.921126 318
      7 13 43 26.916911 13 43 26.923596 318
      7 13 43 26.916911 13 43 26.933943 318
      8 13 43 28.705074 13 43 28.710010 129
      8 13 43 28.705074 13 43 28.714540 129
      8 13 43 28.705074 13 43 28.724208 129
      9 13 43 30.490972 13 43 30.493700 175
      9 13 43 30.490972 13 43 30.496312 175
      9 13 43 30.490972 13 43 30.504709 175
     10 13 43 32.277930 13 43 32.280772 252
     10 13 43 32.277930 13 43 32.283164 252
     10 13 43 32.277930 13 43 32.299974 252
     11 13 43 34.065648 13 43 34.067968 261
     11 13 43 34.065648 13 43 34.070126 261
     11 13 43 34.065648 13 43 34.080473 261
     12 13 43 35.853443 13 43 35.858583 212
     12 13 43 35.853443 13 43 35.862524 212
     12 13 43 35.853443 13 43 35.873265 212
     13 13 43 37.641393 13 43 37.646792 264
     13 13 43 37.641393 13 43 37.652338 264
     13 13 43 37.641393 13 43 37.660396 264
     14 13 43 39.429550 13 43 39.435539 166
     14 13 43 39.429550 13 43 39.441756 166
     14 13 43 39.429550 13 43 39.450033 166
     15 13 43 41.217303 13 43 41.218809 107
     15 13 43 41.217303 13 43 41.220348 107
     15 13 43 41.217303 13 43 41.229090 107
     16 13 43 43.003327 13 43 43.008666 152
     16 13 43 43.003327 13 43 43.015393 152
     16 13 43 43.003327 13 43 43.024705 152
     17 13 43 44.790979 13 43 44.796482 140
     17 13 43 44.790979 13 43 44.798187 140
     17 13 43 44.790979 13 43 44.808144 140
     18 13 43 46.578855 13 43 46.583184 306
     18 13 43 46.578855 13 43 46.587216 306
     18 13 43 46.578855 13 43 46.599590 306
     19 13 43 48.366806 13 43 48.372005 316
     19 13 43 48.366806 13 43 48.378487 316
     19 13 43 48.366806 13 43 48.388806 316
     20 13 43 50.154721 13 43 50.158783 296
     20 13 43 50.154721 13 43 50.162834 296
     20 13 43 50.154721 13 43 50.175053 296
     21 13 43 51.942641 13 43 51.946959 162
     21 13 43 51.942641 13 43 51.951258 162
     21 13 43 51.942641 13 43 51.964102 162
     22 13 43 53.729961 13 43 53.732181 317
     22 13 43 53.729961 13 43 53.734188 317
     22 13 43 53.729961 13 43 53.744016 317
     23 13 43 55.517836 13 43 55.522144 296
     23 13 43 55.517836 13 43 55.526350 296
     23 13 43 55.517836 13 43 55.538727 296
     24 13 43 57.306099 13 43 57.312011 289
     24 13 43 57.306099 13 43 57.317372 289
     24 13 43 57.306099 13 43 57.326213 289
     25 13 43 59.093871 13 43 59.095595 295
     25 13 43 59.093871 13 43 59.097433 295
     25 13 43 59.093871 13 43 59.105647 295
     26 13 44 0.882030 13 44 0.885312 187
     26 13 44 0.882030 13 44 0.888209 187
     26 13 44 0.882030 13 44 0.900243 187
     27 13 44 2.669821 13 44 2.673217 172
     27 13 44 2.669821 13 44 2.676080 172
     27 13 44 2.669821 13 44 2.686204 172
     28 13 44 4.458017 13 44 4.463635 117
     28 13 44 4.458017 13 44 4.466271 117
     28 13 44 4.458017 13 44 4.475559 117
     29 13 44 6.245985 13 44 6.249788 110
     29 13 44 6.245985 13 44 6.255289 110
     29 13 44 6.245985 13 44 6.264333 110
     30 13 44 8.033916 13 44 8.040914 125
     30 13 44 8.033916 13 44 8.045733 125
     30 13 44 8.033916 13 44 8.053912 125
     31 13 44 9.821378 13 44 9.825715 315
     31 13 44 9.821378 13 44 9.829821 315
     31 13 44 9.821378 13 44 9.839249 315
     32 13 44 11.610379 13 44 11.614333 236
     32 13 44 11.610379 13 44 11.617599 236
     32 13 44 11.610379 13 44 11.625490 236
     33 13 44 13.398422 13 44 13.402873 160
     33 13 44 13.398422 13 44 13.406891 160
     33 13 44 13.398422 13 44 13.416518 160
     34 13 44 15.185051 13 44 15.189053 120
     34 13 44 15.185051 13 44 15.194547 120
     34 13 44 15.185051 13 44 15.204292 120
     35 13 44 16.972369 13 44 16.974802 234
     35 13 44 16.972369 13 44 16.977099 234
     35 13 44 16.972369 13 44 16.991771 234
     36 13 44 18.759937 13 44 18.765333 237
     36 13 44 18.759937 13 44 18.772046 237
     36 13 44 18.759937 13 44 18.780723 237
     37 13 44 20.547445 13 44 20.549584 214
     37 13 44 20.547445 13 44 20.551633 214
     37 13 44 20.547445 13 44 20.561647 214
     38 13 44 22.335085 13 44 22.339418 143
     38 13 44 22.335085 13 44 22.342042 143
     38 13 44 22.335085 13 44 22.352958 143
     39 13 44 24.122894 13 44 24.128685 114
     39 13 44 24.122894 13 44 24.133154 114
     39 13 44 24.122894 13 44 24.141512 114
     40 13 44 25.910077 13 44 25.914014 166
     40 13 44 25.910077 13 44 25.917615 166
     40 13 44 25.910077 13 44 25.927370 166
     41 13 44 27.698244 13 44 27.703691 230
     41 13 44 27.698244 13 44 27.708706 230
     41 13 44 27.698244 13 44 27.717517 230
     42 13 44 29.485132 13 44 29.488876 174
     42 13 44 29.485132 13 44 29.492766 174
     42 13 44 29.485132 13 44 29.502370 174
     43 13 44 31.273136 13 44 31.278367 220
     43 13 44 31.273136 13 44 31.282104 220
     43 13 44 31.273136 13 44 31.289215 220
     44 13 44 33.060682 13 44 33.064495 112
     44 13 44 33.060682 13 44 33.067510 112
     44 13 44 33.060682 13 44 33.075830 112
     45 13 44 34.848743 13 44 34.852703 180
     45 13 44 34.848743 13 44 34.856373 180
     45 13 44 34.848743 13 44 34.867480 180
     46 13 44 36.635150 13 44 36.639961 226
     46 13 44 36.635150 13 44 36.645029 226
     46 13 44 36.635150 13 44 36.653868 226
     47 13 44 38.423133 13 44 38.428307 212
     47 13 44 38.423133 13 44 38.433102 212
     47 13 44 38.423133 13 44 38.440946 212
     48 13 44 40.210099 13 44 40.214786 155
     48 13 44 40.210099 13 44 40.219404 155
     48 13 44 40.210099 13 44 40.228259 155
     49 13 44 41.996285 13 44 41.998179 197
     49 13 44 41.996285 13 44 41.999620 197
     49 13 44 41.996285 13 44 42.008327 197
     50 13 44 43.783687 13 44 43.787495 212
     50 13 44 43.783687 13 44 43.791417 212
     50 13 44 43.783687 13 44 43.803187 212
     51 13 44 45.570982 13 44 45.575701 178
     51 13 44 45.570982 13 44 45.578388 178
     51 13 44 45.570982 13 44 45.585600 178
     52 13 44 47.358548 13 44 47.362993 246
     52 13 44 47.358548 13 44 47.367127 246
     52 13 44 47.358548 13 44 47.377073 246
     53 13 44 49.146222 13 44 49.150020 108
     53 13 44 49.146222 13 44 49.152722 108
     53 13 44 49.146222 13 44 49.163005 108
     54 13 44 50.933712 13 44 50.938351 277
     54 13 44 50.933712 13 44 50.943273 277
     54 13 44 50.933712 13 44 50.952610 277
     55 13 44 52.721560 13 44 52.726799 275
     55 13 44 52.721560 13 44 52.732241 275
     55 13 44 52.721560 13 44 52.742064 275
     56 13 44 54.508523 13 44 54.512374 284
     56 13 44 54.508523 13 44 54.515205 284
     56 13 44 54.508523 13 44 54.527635 284
     57 13 44 56.299917 13 44 56.306479 132
     57 13 44 56.299917 13 44 56.312326 132
     57 13 44 56.299917 13 44 56.321689 132
     58 13 44 58.088427 13 44 58.092692 237
     58 13 44 58.088427 13 44 58.096824 237
     58 13 44 58.088427 13 44 58.104975 237
     59 13 44 59.876351 13 44 59.879921 252
     59 13 44 59.876351 13 44 59.883284 252
     59 13 44 59.876351 13 44 59.897256 252
     60 13 45 1.664867 13 45 1.669913 176
     60 13 45 1.664867 13 45 1.672475 176
     60 13 45 1.664867 13 45 1.684220 176
     61 13 45 3.450864 13 45 3.453131 299
     61 13 45 3.450864 13 45 3.455076 299
     61 13 45 3.450864 13 45 3.468074 299
     62 13 45 5.238741 13 45 5.243951 128
     62 13 45 5.238741 13 45 5.246684 128
     62 13 45 5.238741 13 45 5.257361 128
     63 13 45 7.025637 13 45 7.030410 224
     63 13 45 7.025637 13 45 7.033791 224
     63 13 45 7.025637 13 45 7.045041 224
     64 13 45 8.813460 13 45 8.817621 136
     64 13 45 8.813460 13 45 8.821116 136
     64 13 45 8.813460 13 45 8.831765 136
     65 13 45 10.601601 13 45 10.606764 315
     65 13 45 10.601601 13 45 10.614573 315
     65 13 45 10.601601 13 45 10.624153 315
     66 13 45 12.389351 13 45 12.392243 122
     66 13 45 12.389351 13 45 12.395312 122
     66 13 45 12.389351 13 45 12.408771 122
     67 13 45 14.177311 13 45 14.182789 262
     67 13 45 14.177311 13 45 14.185713 262
     67 13 45 14.177311 13 45 14.194553 262
     68 13 45 15.965142 13 45 15.969344 271
     68 13 45 15.965142 13 45 15.971417 271
     68 13 45 15.965142 13 45 15.982650 271
     69 13 45 17.753349 13 45 17.758647 242
     69 13 45 17.753349 13 45 17.764074 242
     69 13 45 17.753349 13 45 17.772214 242
     70 13 45 19.541071 13 45 19.544800 179
     70 13 45 19.541071 13 45 19.549853 179
     70 13 45 19.541071 13 45 19.561221 179
     71 13 45 21.328959 13 45 21.333458 203
     71 13 45 21.328959 13 45 21.335048 203
     71 13 45 21.328959 13 45 21.343785 203
     72 13 45 23.116837 13 45 23.120816 232
     72 13 45 23.116837 13 45 23.123962 232
     72 13 45 23.116837 13 45 23.135926 232
     73 13 45 24.905000 13 45 24.910664 160
     73 13 45 24.905000 13 45 24.916774 160
     73 13 45 24.905000 13 45 24.925650 160
     74 13 45 26.692930 13 45 26.696837 243
     74 13 45 26.692930 13 45 26.700676 243
     74 13 45 26.692930 13 45 26.711041 243
     75 13 45 28.481160 13 45 28.485926 260
     75 13 45 28.481160 13 45 28.489532 260
     75 13 45 28.481160 13 45 28.502931 260
     76 13 45 30.267074 13 45 30.271959 297
     76 13 45 30.267074 13 45 30.276763 297
     76 13 45 30.267074 13 45 30.285220 297
     77 13 45 32.055035 13 45 32.057891 300
     77 13 45 32.055035 13 45 32.060739 300
     77 13 45 32.055035 13 45 32.074441 300
     78 13 45 33.842980 13 45 33.849164 129
     78 13 45 33.842980 13 45 33.852883 129
     78 13 45 33.842980 13 45 33.864426 129
     79 13 45 35.630743 13 45 35.633739 168
     79 13 45 35.630743 13 45 35.636376 168
     79 13 45 35.630743 13 45 35.649158 168
     80 13 45 37.418651 13 45 37.422119 203
     80 13 45 37.418651 13 45 37.425359 203
     80 13 45 37.418651 13 45 37.434903 203
     81 13 45 39.206836 13 45 39.212737 164
     81 13 45 39.206836 13 45 39.214440 164
     81 13 45 39.206836 13 45 39.223922 164
     82 13 45 40.994811 13 45 41.000238 247
     82 13 45 40.994811 13 45 41.005248 247
     82 13 45 40.994811 13 45 41.015849 247
     83 13 45 42.783113 13 45 42.788365 256
     83 13 45 42.783113 13 45 42.793959 256
     83 13 45 42.783113 13 45 42.805291 256
     84 13 45 44.570631 13 45 44.573529 292
     84 13 45 44.570631 13 45 44.577171 292
     84 13 45 44.570631 13 45 44.587039 292
     85 13 45 46.358791 13 45 46.362417 317
     85 13 45 46.358791 13 45 46.365576 317
     85 13 45 46.358791 13 45 46.375187 317
     86 13 45 48.146837 13 45 48.152930 312
     86 13 45 48.146837 13 45 48.158709 312
     86 13 45 48.146837 13 45 48.168189 312
     87 13 45 49.933433 13 45 49.935684 314
     87 13 45 49.933433 13 45 49.937751 314
     87 13 45 49.933433 13 45 49.949047 314
     88 13 45 51.721397 13 45 51.725176 111
     88 13 45 51.721397 13 45 51.729380 111
     88 13 45 51.721397 13 45 51.740964 111
     89 13 45 53.508490 13 45 53.513036 262
     89 13 45 53.508490 13 45 53.514706 262
     89 13 45 53.508490 13 45 53.523288 262
     90 13 45 55.296517 13 45 55.301485 186
     90 13 45 55.296517 13 45 55.306019 186
     90 13 45 55.296517 13 45 55.316371 186
     91 13 45 57.083900 13 45 57.089173 314
     91 13 45 57.083900 13 45 57.093631 314
     91 13 45 57.083900 13 45 57.102162 314
     92 13 45 58.871743 13 45 58.874928 186
     92 13 45 58.871743 13 45 58.877771 186
     92 13 45 58.871743 13 45 58.890082 186
     93 13 46 0.658664 13 46 0.664029 203
     93 13 46 0.658664 13 46 0.668798 203
     93 13 46 0.658664 13 46 0.677887 203
     94 13 46 2.447898 13 46 2.452705 134
     94 13 46 2.447898 13 46 2.454381 134
     94 13 46 2.447898 13 46 2.462193 134
     95 13 46 4.235087 13 46 4.239390 305
     95 13 46 4.235087 13 46 4.243688 305
     95 13 46 4.235087 13 46 4.252136 305
     96 13 46 6.023193 13 46 6.028718 313
     96 13 46 6.023193 13 46 6.035584 313
     96 13 46 6.023193 13 46 6.046430 313
     97 13 46 7.810142 13 46 7.815363 246
     97 13 46 7.810142 13 46 7.820477 246
     97 13 46 7.810142 13 46 7.828473 246
     98 13 46 9.597821 13 46 9.601699 200
     98 13 46 9.597821 13 46 9.607580 200
     98 13 46 9.597821 13 46 9.622449 200
     99 13 46 11.386755 13 46 11.392359 315
     99 13 46 11.386755 13 46 11.394374 315
     99 13 46 11.386755 13 46 11.403620 315
    100 13 46 13.174679 13 46 13.178179 306
    100 13 46 13.174679 13 46 13.181478 306
    100 13 46 13.174679 13 46 13.192464 306
    101 13 46 14.962482 13 46 14.967912 316
    101 13 46 14.962482 13 46 14.970684 316
    101 13 46 14.962482 13 46 14.978390 316
    102 13 46 16.750869 13 46 16.756051 296
    102 13 46 16.750869 13 46 16.761111 296
    102 13 46 16.750869 13 46 16.770106 296
    103 13 46 18.538647 13 46 18.542952 228
    103 13 46 18.538647 13 46 18.546301 228
    103 13 46 18.538647 13 46 18.559221 228
    104 13 46 20.326545 13 46 20.332914 165
    104 13 46 20.326545 13 46 20.337346 165
    104 13 46 20.326545 13 46 20.346270 165
    105 13 46 22.114306 13 46 22.116165 288
    105 13 46 22.114306 13 46 22.117603 288
    105 13 46 22.114306 13 46 22.125065 288
    106 13 46 23.902153 13 46 23.907495 189
    106 13 46 23.902153 13 46 23.910480 189
    106 13 46 23.902153 13 46 23.919168 189
    107 13 46 25.688060 13 46 25.691976 312
    107 13 46 25.688060 13 46 25.695621 312
    107 13 46 25.688060 13 46 25.704632 312
    108 13 46 27.476195 13 46 27.481621 312
    108 13 46 27.476195 13 46 27.486583 312
    108 13 46 27.476195 13 46 27.497099 312
    109 13 46 29.262234 13 46 29.266897 276
    109 13 46 29.262234 13 46 29.270174 276
    109 13 46 29.262234 13 46 29.278867 276
    110 13 46 31.049940 13 46 31.051824 161
    110 13 46 31.049940 13 46 31.053590 161
    110 13 46 31.049940 13 46 31.065462 161
    111 13 46 32.837799 13 46 32.843342 260
    111 13 46 32.837799 13 46 32.847135 260
    111 13 46 32.837799 13 46 32.855101 260
    112 13 46 34.625469 13 46 34.629410 174
    112 13 46 34.625469 13 46 34.631092 174
    112 13 46 34.625469 13 46 34.638417 174
    113 13 46 36.414026 13 46 36.416090 106
    113 13 46 36.414026 13 46 36.417668 106
    113 13 46 36.414026 13 46 36.425532 106
    114 13 46 38.201750 13 46 38.204590 107
    114 13 46 38.201750 13 46 38.207828 107
    114 13 46 38.201750 13 46 38.221096 107
    115 13 46 39.989565 13 46 39.994134 299
    115 13 46 39.989565 13 46 39.998237 299
    115 13 46 39.989565 13 46 40.009079 299
    116 13 46 41.777721 13 46 41.782794 161
    116 13 46 41.777721 13 46 41.786800 161
    116 13 46 41.777721 13 46 41.800162 161
    117 13 46 43.565397 13 46 43.569510 245
    117 13 46 43.565397 13 46 43.571564 245
    117 13 46 43.565397 13 46 43.581767 245
    118 13 46 45.353209 13 46 45.356805 177
    118 13 46 45.353209 13 46 45.360333 177
    118 13 46 45.353209 13 46 45.373971 177
    119 13 46 47.141648 13 46 47.145284 260
    119 13 46 47.141648 13 46 47.147971 260
    119 13 46 47.141648 13 46 47.161697 260
    120 13 46 48.929682 13 46 48.934900 149
    120 13 46 48.929682 13 46 48.939337 149
    120 13 46 48.929682 13 46 48.952119 149
    121 13 46 50.717630 13 46 50.722875 233
    121 13 46 50.717630 13 46 50.727939 233
    121 13 46 50.717630 13 46 50.737537 233
    122 13 46 52.503841 13 46 52.508556 265
    122 13 46 52.503841 13 46 52.510795 265
    122 13 46 52.503841 13 46 52.522061 265
    123 13 46 54.291788 13 46 54.297018 234
    123 13 46 54.291788 13 46 54.299500 234
    123 13 46 54.291788 13 46 54.312547 234
    124 13 46 56.080017 13 46 56.090343 188
    124 13 46 56.080017 13 46 56.093026 188
    124 13 46 56.080017 13 46 56.106078 188
    125 13 46 57.867869 13 46 57.871582 136
    125 13 46 57.867869 13 46 57.875245 136
    125 13 46 57.867869 13 46 57.887613 136
    126 13 46 59.655762 13 46 59.660644 223
    126 13 46 59.655762 13 46 59.665607 223
    126 13 46 59.655762 13 46 59.675687 223
    127 13 47 1.442928 13 47 1.445997 204
    127 13 47 1.442928 13 47 1.448823 204
    127 13 47 1.442928 13 47 1.461610 204
    128 13 47 3.240313 13 47 3.242246 226
    128 13 47 3.240313 13 47 3.246042 226
    128 13 47 3.240313 13 47 3.253423 226
    129 13 47 5.030075 13 47 5.032220 185
    129 13 47 5.030075 13 47 5.037405 185
    129 13 47 5.030075 13 47 5.053187 185
    130 13 47 6.819970 13 47 6.822554 318
    130 13 47 6.819970 13 47 6.823999 318
    130 13 47 6.819970 13 47 6.853894 318
    131 13 47 8.609922 13 47 8.612389 125
    131 13 47 8.609922 13 47 8.614200 125
    131 13 47 8.609922 13 47 8.632403 125
    132 13 47 10.399898 13 47 10.402050 121
    132 13 47 10.399898 13 47 10.403662 121
    132 13 47 10.399898 13 47 10.419993 121
    133 13 47 12.190034 13 47 12.192880 220
    133 13 47 12.190034 13 47 12.194914 220
    133 13 47 12.190034 13 47 12.231228 220
    134 13 47 13.979921 13 47 13.982391 253
    134 13 47 13.979921 13 47 13.987073 253
    134 13 47 13.979921 13 47 14.071250 253
    135 13 47 15.769947 13 47 15.772713 122
    135 13 47 15.769947 13 47 15.774576 122
    135 13 47 15.769947 13 47 15.789369 122
    136 13 47 17.557418 13 47 17.560507 211
    136 13 47 17.557418 13 47 17.562243 211
    136 13 47 17.557418 13 47 17.590953 211
    137 13 47 19.350613 13 47 19.354311 231
    137 13 47 19.350613 13 47 19.357065 231
    137 13 47 19.350613 13 47 19.376526 231
    138 13 47 21.140883 13 47 21.145043 209
    138 13 47 21.140883 13 47 21.147018 209
    138 13 47 21.140883 13 47 21.163530 209
    139 13 47 22.929897 13 47 22.936274 251
    139 13 47 22.929897 13 47 22.937803 251
    139 13 47 22.929897 13 47 22.957333 251
    140 13 47 24.717229 13 47 24.719097 123
    140 13 47 24.717229 13 47 24.721006 123
    140 13 47 24.717229 13 47 24.740648 123
    141 13 47 26.503244 13 47 26.506146 178
    141 13 47 26.503244 13 47 26.508808 178
    141 13 47 26.503244 13 47 26.531165 178
    142 13 47 28.299947 13 47 28.302751 129
    142 13 47 28.299947 13 47 28.306090 129
    142 13 47 28.299947 13 47 28.322320 129
    143 13 47 30.091338 13 47 30.096071 271
    143 13 47 30.091338 13 47 30.105581 271
    143 13 47 30.091338 13 47 30.140904 271
    144 13 47 31.880561 13 47 31.884154 269
    144 13 47 31.880561 13 47 31.885760 269
    144 13 47 31.880561 13 47 32.006883 269
    145 13 47 33.667892 13 47 33.669942 140
    145 13 47 33.667892 13 47 33.671353 140
    145 13 47 33.667892 13 47 33.685816 140
    146 13 47 35.460481 13 47 35.462985 153
    146 13 47 35.460481 13 47 35.464986 153
    146 13 47 35.460481 13 47 35.489415 153
    147 13 47 37.253829 13 47 37.257040 159
    147 13 47 37.253829 13 47 37.269971 159
    147 13 47 37.253829 13 47 37.288800 159
    148 13 47 39.040155 13 47 39.043204 235
    148 13 47 39.040155 13 47 39.044707 235
    148 13 47 39.040155 13 47 39.060939 235
    149 13 47 40.830284 13 47 40.834582 273
    149 13 47 40.830284 13 47 40.839976 273
    149 13 47 40.830284 13 47 40.853971 273
    150 13 47 42.623368 13 47 42.629994 309
    150 13 47 42.623368 13 47 42.640035 309
    150 13 47 42.623368 13 47 42.657833 309
    151 13 47 44.417218 13 47 44.421707 115
    151 13 47 44.417218 13 47 44.429983 115
    151 13 47 44.417218 13 47 44.450911 115
    152 13 47 46.204126 13 47 46.212303 213
    152 13 47 46.204126 13 47 46.216680 213
    152 13 47 46.204126 13 47 46.250380 213
    153 13 47 47.991467 13 47 47.995298 188
    153 13 47 47.991467 13 47 47.996904 188
    153 13 47 47.991467 13 47 48.016001 188
    154 13 47 49.780552 13 47 49.783949 161
    154 13 47 49.780552 13 47 49.785606 161
    154 13 47 49.780552 13 47 49.812298 161
    155 13 47 51.570629 13 47 51.588077 209
    155 13 47 51.570629 13 47 51.588089 209
    155 13 47 51.570629 13 47 51.603812 209
    156 13 47 53.361117 13 47 53.364946 177
    156 13 47 53.361117 13 47 53.366311 177
    156 13 47 53.361117 13 47 53.386195 177
    157 13 47 55.149995 13 47 55.153687 127
    157 13 47 55.149995 13 47 55.155205 127
    157 13 47 55.149995 13 47 55.176422 127
    158 13 47 56.940598 13 47 56.945224 236
    158 13 47 56.940598 13 47 56.947021 236
    158 13 47 56.940598 13 47 56.966024 236
    159 13 47 58.730480 13 47 58.735435 296
    159 13 47 58.730480 13 47 58.737155 296
    159 13 47 58.730480 13 47 58.756923 296
    160 13 48 0.516864 13 48 0.519705 194
    160 13 48 0.516864 13 48 0.521925 194
    160 13 48 0.516864 13 48 0.554313 194
    161 13 48 2.303440 13 48 2.307745 278
    161 13 48 2.303440 13 48 2.310343 278
    161 13 48 2.303440 13 48 2.335796 278
    162 13 48 4.100484 13 48 4.105540 169
    162 13 48 4.100484 13 48 4.108235 169
    162 13 48 4.100484 13 48 4.240424 169
    163 13 48 5.889370 13 48 6.012975 260
    163 13 48 5.889370 13 48 6.062224 260
    163 13 48 5.889370 13 48 7.105678 260
    164 13 48 7.680713 13 48 7.690254 257
    164 13 48 7.680713 13 48 7.705747 257
    164 13 48 7.680713 13 48 7.770996 257
    165 13 48 9.468998 13 48 9.474967 245
    165 13 48 9.468998 13 48 9.479633 245
    165 13 48 9.468998 13 48 9.501544 245
    166 13 48 11.258810 13 48 11.264909 278
    166 13 48 11.258810 13 48 11.267534 278
    166 13 48 11.258810 13 48 11.279045 278
    167 13 48 13.046739 13 48 13.052773 160
    167 13 48 13.046739 13 48 13.055376 160
    167 13 48 13.046739 13 48 13.064931 160
    168 13 48 14.833616 13 48 14.838581 168
    168 13 48 14.833616 13 48 14.844072 168
    168 13 48 14.833616 13 48 14.854705 168
    169 13 48 16.620103 13 48 16.629560 142
    169 13 48 16.620103 13 48 16.631644 142
    169 13 48 16.620103 13 48 16.640483 142
    170 13 48 18.408010 13 48 18.411705 107
    170 13 48 18.408010 13 48 18.415528 107
    170 13 48 18.408010 13 48 18.423679 107
    171 13 48 20.195938 13 48 20.199707 134
    171 13 48 20.195938 13 48 20.204402 134
    171 13 48 20.195938 13 48 20.215179 134
    172 13 48 21.983694 13 48 21.992206 264
    172 13 48 21.983694 13 48 21.995373 264
    172 13 48 21.983694 13 48 22.007953 264
    173 13 48 23.771730 13 48 23.780642 203
    173 13 48 23.771730 13 48 23.784798 203
    173 13 48 23.771730 13 48 23.794133 203
    174 13 48 25.558719 13 48 25.561155 197
    174 13 48 25.558719 13 48 25.563843 197
    174 13 48 25.558719 13 48 25.575358 197
    175 13 48 27.346790 13 48 27.352450 166
    175 13 48 27.346790 13 48 27.357055 166
    175 13 48 27.346790 13 48 27.364941 166
    176 13 48 29.134780 13 48 29.138870 148
    176 13 48 29.134780 13 48 29.144196 148
    176 13 48 29.134780 13 48 29.153851 148
    177 13 48 30.922737 13 48 30.925761 191
    177 13 48 30.922737 13 48 30.928761 191
    177 13 48 30.922737 13 48 30.940561 191
    178 13 48 32.710129 13 48 32.715370 252
    178 13 48 32.710129 13 48 32.721250 252
    178 13 48 32.710129 13 48 32.730007 252
    179 13 48 34.497879 13 48 34.501030 111
    179 13 48 34.497879 13 48 34.504436 111
    179 13 48 34.497879 13 48 34.514607 111
    180 13 48 36.284914 13 48 36.288054 288
    180 13 48 36.284914 13 48 36.290856 288
    180 13 48 36.284914 13 48 36.303059 288
    181 13 48 38.072781 13 48 38.074701 195
    181 13 48 38.072781 13 48 38.076109 195
    181 13 48 38.072781 13 48 38.085100 195
    182 13 48 39.860108 13 48 39.864024 237
    182 13 48 39.860108 13 48 39.867700 237
    182 13 48 39.860108 13 48 39.876219 237
    183 13 48 41.647058 13 48 41.656056 299
    183 13 48 41.647058 13 48 41.658552 299
    183 13 48 41.647058 13 48 41.671122 299
    184 13 48 43.433614 13 48 43.437518 275
    184 13 48 43.433614 13 48 43.439326 275
    184 13 48 43.433614 13 48 43.449522 275
    185 13 48 45.221527 13 48 45.223464 142
    185 13 48 45.221527 13 48 45.224902 142
    185 13 48 45.221527 13 48 45.233231 142
    186 13 48 47.008473 13 48 47.013483 156
    186 13 48 47.008473 13 48 47.018351 156
    186 13 48 47.008473 13 48 47.031273 156
    187 13 48 48.795854 13 48 48.799242 146
    187 13 48 48.795854 13 48 48.802543 146
    187 13 48 48.795854 13 48 48.814550 146
    188 13 48 50.583874 13 48 50.588463 174
    188 13 48 50.583874 13 48 50.591342 174
    188 13 48 50.583874 13 48 50.604504 174
    189 13 48 52.370728 13 48 52.372832 204
    189 13 48 52.370728 13 48 52.374634 204
    189 13 48 52.370728 13 48 52.388030 204
    190 13 48 54.158784 13 48 54.161932 305
    190 13 48 54.158784 13 48 54.164575 305
    190 13 48 54.158784 13 48 54.174540 305
    191 13 48 55.946825 13 48 55.953611 183
    191 13 48 55.946825 13 48 55.957445 183
    191 13 48 55.946825 13 48 55.965280 183
    192 13 48 57.733622 13 48 57.738553 275
    192 13 48 57.733622 13 48 57.743994 275
    192 13 48 57.733622 13 48 57.753115 275
    193 13 48 59.521565 13 48 59.526787 314
    193 13 48 59.521565 13 48 59.532026 314
    193 13 48 59.521565 13 48 59.541921 314
    194 13 49 1.308367 13 49 1.312940 156
    194 13 49 1.308367 13 49 1.314852 156
    194 13 49 1.308367 13 49 1.322413 156
    195 13 49 3.096286 13 49 3.100043 148
    195 13 49 3.096286 13 49 3.103737 148
    195 13 49 3.096286 13 49 3.115159 148
    196 13 49 4.883873 13 49 4.891016 126
    196 13 49 4.883873 13 49 4.897127 126
    196 13 49 4.883873 13 49 4.905578 126
    197 13 49 6.671776 13 49 6.674778 162
    197 13 49 6.671776 13 49 6.678127 162
    197 13 49 6.671776 13 49 6.689788 162
    198 13 49 8.458774 13 49 8.461895 277
    198 13 49 8.458774 13 49 8.464613 277
    198 13 49 8.458774 13 49 8.477143 277
    199 13 49 10.246516 13 49 10.248375 118
    199 13 49 10.246516 13 49 10.249811 118
    199 13 49 10.246516 13 49 10.258144 118
    200 13 49 12.033542 13 49 12.036910 162
    200 13 49 12.033542 13 49 12.040823 162
    200 13 49 12.033542 13 49 12.055016 162
    201 13 49 13.821515 13 49 13.826711 311
    201 13 49 13.821515 13 49 13.833036 311
    201 13 49 13.821515 13 49 13.842325 311
    202 13 49 15.608309 13 49 15.611073 207
    202 13 49 15.608309 13 49 15.613473 207
    202 13 49 15.608309 13 49 15.623536 207
    203 13 49 17.396339 13 49 17.401836 252
    203 13 49 17.396339 13 49 17.408087 252
    203 13 49 17.396339 13 49 17.416202 252
    204 13 49 19.183772 13 49 19.187710 220
    204 13 49 19.183772 13 49 19.193409 220
    204 13 49 19.183772 13 49 19.203686 220
    205 13 49 20.971515 13 49 20.974233 217
    205 13 49 20.971515 13 49 20.976622 217
    205 13 49 20.971515 13 49 20.990493 217
    206 13 49 22.758849 13 49 22.764235 269
    206 13 49 22.758849 13 49 22.768970 269
    206 13 49 22.758849 13 49 22.776879 269
    207 13 49 24.546172 13 49 24.549653 142
    207 13 49 24.546172 13 49 24.551863 142
    207 13 49 24.546172 13 49 24.562984 142
    208 13 49 26.333732 13 49 26.336588 228
    208 13 49 26.333732 13 49 26.339675 228
    208 13 49 26.333732 13 49 26.348672 228
    209 13 49 28.121662 13 49 28.126083 190
    209 13 49 28.121662 13 49 28.131541 190
    209 13 49 28.121662 13 49 28.144613 190
    210 13 49 29.908541 13 49 29.912750 304
    210 13 49 29.908541 13 49 29.916463 304
    210 13 49 29.908541 13 49 29.927646 304
    211 13 49 31.696456 13 49 31.700697 147
    211 13 49 31.696456 13 49 31.705877 147
    211 13 49 31.696456 13 49 31.715596 147
    212 13 49 33.483428 13 49 33.488550 270
    212 13 49 33.483428 13 49 33.494059 270
    212 13 49 33.483428 13 49 33.505808 270
    213 13 49 35.271217 13 49 35.274025 225
    213 13 49 35.271217 13 49 35.276481 225
    213 13 49 35.271217 13 49 35.286469 225
    214 13 49 37.058393 13 49 37.060753 166
    214 13 49 37.058393 13 49 37.063889 166
    214 13 49 37.058393 13 49 37.078411 166
    215 13 49 38.845410 13 49 38.852058 158
    215 13 49 38.845410 13 49 38.854612 158
    215 13 49 38.845410 13 49 38.862141 158
    216 13 49 40.633627 13 49 40.637810 318
    216 13 49 40.633627 13 49 40.642123 318
    216 13 49 40.633627 13 49 40.652358 318
    217 13 49 42.421670 13 49 42.426878 137
    217 13 49 42.421670 13 49 42.433083 137
    217 13 49 42.421670 13 49 42.441173 137
    218 13 49 44.208328 13 49 44.210575 205
    218 13 49 44.208328 13 49 44.212434 205
    218 13 49 44.208328 13 49 44.221803 205
    219 13 49 45.996336 13 49 46.000906 164
    219 13 49 45.996336 13 49 46.005822 164
    219 13 49 45.996336 13 49 46.017162 164
    220 13 49 47.783904 13 49 47.789347 122
    220 13 49 47.783904 13 49 47.796698 122
    220 13 49 47.783904 13 49 47.805364 122
    221 13 49 49.571952 13 49 49.576559 200
    221 13 49 49.571952 13 49 49.581712 200
    221 13 49 49.571952 13 49 49.592579 200
    222 13 49 51.358385 13 49 51.362790 103
    222 13 49 51.358385 13 49 51.367222 103
    222 13 49 51.358385 13 49 51.376798 103
    223 13 49 53.146245 13 49 53.151629 216
    223 13 49 53.146245 13 49 53.154530 216
    223 13 49 53.146245 13 49 53.162049 216
    224 13 49 54.933294 13 49 54.937579 244
    224 13 49 54.933294 13 49 54.941313 244
    224 13 49 54.933294 13 49 54.951601 244
    225 13 49 56.721296 13 49 56.726823 107
    225 13 49 56.721296 13 49 56.732403 107
    225 13 49 56.721296 13 49 56.740742 107
    226 13 49 58.508482 13 49 58.511929 241
    226 13 49 58.508482 13 49 58.515048 241
    226 13 49 58.508482 13 49 58.526665 241
    227 13 50 0.295198 13 50 0.300709 217
    227 13 50 0.295198 13 50 0.306162 217
    227 13 50 0.295198 13 50 0.316619 217
    228 13 50 2.082008 13 50 2.088675 156
    228 13 50 2.082008 13 50 2.093861 156
    228 13 50 2.082008 13 50 2.102843 156
    229 13 50 3.869967 13 50 3.873600 248
    229 13 50 3.869967 13 50 3.876974 248
    229 13 50 3.869967 13 50 3.887032 248
    230 13 50 5.658056 13 50 5.663420 181
    230 13 50 5.658056 13 50 5.669395 181
    230 13 50 5.658056 13 50 5.677207 181
    231 13 50 7.445507 13 50 7.447997 299
    231 13 50 7.445507 13 50 7.451129 299
    231 13 50 7.445507 13 50 7.461604 299
    232 13 50 9.232706 13 50 9.236597 148
    232 13 50 9.232706 13 50 9.240408 148
    232 13 50 9.232706 13 50 9.248472 148
    233 13 50 11.020323 13 50 11.026764 273
    233 13 50 11.020323 13 50 11.032148 273
    233 13 50 11.020323 13 50 11.044250 273
    234 13 50 12.806723 13 50 12.809492 312
    234 13 50 12.806723 13 50 12.812925 312
    234 13 50 12.806723 13 50 12.825098 312
    235 13 50 14.594731 13 50 14.600150 194
    235 13 50 14.594731 13 50 14.605573 194
    235 13 50 14.594731 13 50 14.613580 194
    236 13 50 16.381660 13 50 16.386686 239
    236 13 50 16.381660 13 50 16.392064 239
    236 13 50 16.381660 13 50 16.400942 239
    237 13 50 18.169655 13 50 18.174382 303
    237 13 50 18.169655 13 50 18.178838 303
    237 13 50 18.169655 13 50 18.188706 303
    238 13 50 19.957829 13 50 19.962916 130
    238 13 50 19.957829 13 50 19.967496 130
    238 13 50 19.957829 13 50 19.977243 130
    239 13 50 21.745322 13 50 21.747937 277
    239 13 50 21.745322 13 50 21.750435 277
    239 13 50 21.745322 13 50 21.761722 277
    240 13 50 23.533585 13 50 23.539395 112
    240 13 50 23.533585 13 50 23.544978 112
    240 13 50 23.533585 13 50 23.553870 112
    241 13 50 25.321335 13 50 25.327604 105
    241 13 50 25.321335 13 50 25.330843 105
    241 13 50 25.321335 13 50 25.338408 105
    242 13 50 27.108498 13 50 27.110575 200
    242 13 50 27.108498 13 50 27.112545 200
    242 13 50 27.108498 13 50 27.121503 200
    243 13 50 28.896473 13 50 28.901676 199
    243 13 50 28.896473 13 50 28.905812 199
    243 13 50 28.896473 13 50 28.917285 199
    244 13 50 30.683364 13 50 30.686229 305
    244 13 50 30.683364 13 50 30.687633 305
    244 13 50 30.683364 13 50 30.695515 305
    245 13 50 32.471365 13 50 32.476850 194
    245 13 50 32.471365 13 50 32.479269 194
    245 13 50 32.471365 13 50 32.491200 194
    246 13 50 34.258760 13 50 34.264069 227
    246 13 50 34.258760 13 50 34.269305 227
    246 13 50 34.258760 13 50 34.277034 227
    247 13 50 36.046524 13 50 36.048523 234
    247 13 50 36.046524 13 50 36.050071 234
    247 13 50 36.046524 13 50 36.058439 234
    248 13 50 37.833861 13 50 37.837763 132
    248 13 50 37.833861 13 50 37.841653 132
    248 13 50 37.833861 13 50 37.853944 132
    249 13 50 39.621585 13 50 39.625102 121
    249 13 50 39.621585 13 50 39.628215 121
    249 13 50 39.621585 13 50 39.638531 121
    250 13 50 41.408317 13 50 41.413229 180
    250 13 50 41.408317 13 50 41.419310 180
    250 13 50 41.408317 13 50 41.427825 180
    251 13 50 43.196343 13 50 43.201026 250
    251 13 50 43.196343 13 50 43.206223 250
    251 13 50 43.196343 13 50 43.216859 250
    252 13 50 44.983723 13 50 44.988324 297
    252 13 50 44.983723 13 50 44.993130 297
    252 13 50 44.983723 13 50 45.004089 297
    253 13 50 46.771568 13 50 46.775522 165
    253 13 50 46.771568 13 50 46.779142 165
    253 13 50 46.771568 13 50 46.791909 165
    254 13 50 48.558864 13 50 48.564075 291
    254 13 50 48.558864 13 50 48.566680 291
    254 13 50 48.558864 13 50 48.574413 291
    255 13 50 50.346138 13 50 50.351784 168
    255 13 50 50.346138 13 50 50.357189 168
    255 13 50 50.346138 13 50 50.364655 168
    256 13 50 52.133242 13 50 52.135474 237
    256 13 50 52.133242 13 50 52.137698 237
    256 13 50 52.133242 13 50 52.151284 237
    257 13 50 53.920385 13 50 53.925138 314
    257 13 50 53.920385 13 50 53.926991 314
    257 13 50 53.920385 13 50 53.938038 314
    258 13 50 55.708635 13 50 55.711916 282
    258 13 50 55.708635 13 50 55.714844 282
    258 13 50 55.708635 13 50 55.726787 282
    259 13 50 57.496264 13 50 57.502680 298
    259 13 50 57.496264 13 50 57.505858 298
    259 13 50 57.496264 13 50 57.516513 298
    260 13 50 59.283563 13 50 59.287416 249
    260 13 50 59.283563 13 50 59.291233 249
    260 13 50 59.283563 13 50 59.303171 249
    261 13 51 1.071477 13 51 1.075735 107
    261 13 51 1.071477 13 51 1.080899 107
    261 13 51 1.071477 13 51 1.091645 107
    262 13 51 2.858691 13 51 2.862793 104
    262 13 51 2.858691 13 51 2.867441 104
    262 13 51 2.858691 13 51 2.875882 104
    263 13 51 4.646527 13 51 4.650916 201
    263 13 51 4.646527 13 51 4.655194 201
    263 13 51 4.646527 13 51 4.664601 201
    264 13 51 6.433226 13 51 6.434857 180
    264 13 51 6.433226 13 51 6.436295 180
    264 13 51 6.433226 13 51 6.444648 180
    265 13 51 8.221243 13 51 8.225912 289
    265 13 51 8.221243 13 51 8.231710 289
    265 13 51 8.221243 13 51 8.239808 289
    266 13 51 10.009030 13 51 10.014594 234
    266 13 51 10.009030 13 51 10.021145 234
    266 13 51 10.009030 13 51 10.030251 234
    267 13 51 11.796964 13 51 11.801321 159
    267 13 51 11.796964 13 51 11.805150 159
    267 13 51 11.796964 13 51 11.812948 159
    268 13 51 13.583764 13 51 13.589055 162
    268 13 51 13.583764 13 51 13.594539 162
    268 13 51 13.583764 13 51 13.605566 162
    269 13 51 15.370695 13 51 15.373234 123
    269 13 51 15.370695 13 51 15.375461 123
    269 13 51 15.370695 13 51 15.385134 123
    270 13 51 17.158501 13 51 17.161377 173
    270 13 51 17.158501 13 51 17.164082 173
    270 13 51 17.158501 13 51 17.175242 173
    271 13 51 18.946498 13 51 18.950578 312
    271 13 51 18.946498 13 51 18.955178 312
    271 13 51 18.946498 13 51 18.964393 312
    272 13 51 20.733685 13 51 20.738361 287
    272 13 51 20.733685 13 51 20.744175 287
    272 13 51 20.733685 13 51 20.752139 287
    273 13 51 22.521687 13 51 22.525927 127
    273 13 51 22.521687 13 51 22.530480 127
    273 13 51 22.521687 13 51 22.541302 127
    274 13 51 24.308333 13 51 24.310861 172
    274 13 51 24.308333 13 51 24.313577 172
    274 13 51 24.308333 13 51 24.323225 172
    275 13 51 26.095425 13 51 26.097176 240
    275 13 51 26.095425 13 51 26.098617 240
    275 13 51 26.095425 13 51 26.106774 240
    276 13 51 27.883479 13 51 27.888652 316
    276 13 51 27.883479 13 51 27.893243 316
    276 13 51 27.883479 13 51 27.902164 316
    277 13 51 29.671337 13 51 29.676519 196
    277 13 51 29.671337 13 51 29.681853 196
    277 13 51 29.671337 13 51 29.692627 196
    278 13 51 31.458412 13 51 31.463038 281
    278 13 51 31.458412 13 51 31.468714 281
    278 13 51 31.458412 13 51 31.482702 281
    279 13 51 33.246323 13 51 33.249565 249
    279 13 51 33.246323 13 51 33.253334 249
    279 13 51 33.246323 13 51 33.262881 249
    280 13 51 35.034065 13 51 35.040350 226
    280 13 51 35.034065 13 51 35.042523 226
    280 13 51 35.034065 13 51 35.051528 226
    281 13 51 36.821913 13 51 36.825902 198
    281 13 51 36.821913 13 51 36.828650 198
    281 13 51 36.821913 13 51 36.839071 198
    282 13 51 38.608283 13 51 38.613368 148
    282 13 51 38.608283 13 51 38.616401 148
    282 13 51 38.608283 13 51 38.628612 148
    283 13 51 40.396121 13 51 40.401320 271
    283 13 51 40.396121 13 51 40.403411 271
    283 13 51 40.396121 13 51 40.415776 271
    284 13 51 42.183556 13 51 42.192570 310
    284 13 51 42.183556 13 51 42.197596 310
    284 13 51 42.183556 13 51 42.208230 310
    285 13 51 43.969870 13 51 43.972621 196
    285 13 51 43.969870 13 51 43.977887 196
    285 13 51 43.969870 13 51 44.002589 196
    286 13 51 45.757510 13 51 45.761390 242
    286 13 51 45.757510 13 51 45.770342 242
    286 13 51 45.757510 13 51 45.796680 242
    287 13 51 47.543971 13 51 47.548114 151
    287 13 51 47.543971 13 51 47.558025 151
    287 13 51 47.543971 13 51 47.581291 151
    288 13 51 49.331869 13 51 49.339181 296
    288 13 51 49.331869 13 51 49.351099 296
    288 13 51 49.331869 13 51 49.399127 296
    289 13 51 51.118519 13 51 51.121214 269
    289 13 51 51.118519 13 51 51.125505 269
    289 13 51 51.118519 13 51 51.143232 269
    290 13 51 52.908525 13 51 52.913020 143
    290 13 51 52.908525 13 51 52.916770 143
    290 13 51 52.908525 13 51 52.932608 143
    291 13 51 54.696307 13 51 54.698705 222
    291 13 51 54.696307 13 51 54.700741 222
    291 13 51 54.696307 13 51 54.716645 222
    292 13 51 56.483395 13 51 56.489645 256
    292 13 51 56.483395 13 51 56.493303 256
    292 13 51 56.483395 13 51 56.511121 256
    293 13 51 58.270980 13 51 58.272653 152
    293 13 51 58.270980 13 51 58.274597 152
    293 13 51 58.270980 13 51 58.293175 152
    294 13 52 0.058241 13 52 0.060439 167
    294 13 52 0.058241 13 52 0.064971 167
    294 13 52 0.058241 13 52 0.084408 167
    295 13 52 1.846084 13 52 1.848175 161
    295 13 52 1.846084 13 52 1.850404 161
    295 13 52 1.846084 13 52 1.882632 161
    296 13 52 3.633721 13 52 3.636790 272
    296 13 52 3.633721 13 52 3.640520 272
    296 13 52 3.633721 13 52 3.658251 272
    297 13 52 5.421343 13 52 5.423224 146
    297 13 52 5.421343 13 52 5.425699 146
    297 13 52 5.421343 13 52 5.438075 146
    298 13 52 7.208712 13 52 7.211960 174
    298 13 52 7.208712 13 52 7.214576 174
    298 13 52 7.208712 13 52 7.234943 174
    299 13 52 8.996486 13 52 9.000012 156
    299 13 52 8.996486 13 52 9.004985 156
    299 13 52 8.996486 13 52 9.018050 156
    300 13 52 10.783531 13 52 10.792116 290
    300 13 52 10.783531 13 52 10.801706 290
    300 13 52 10.783531 13 52 10.832287 290
    301 13 52 12.571262 13 52 12.576527 228
    301 13 52 12.571262 13 52 12.581518 228
    301 13 52 12.571262 13 52 12.590612 228
    302 13 52 14.358708 13 52 14.364756 278
    302 13 52 14.358708 13 52 14.367680 278
    302 13 52 14.358708 13 52 14.376920 278
    303 13 52 16.147038 13 52 16.154178 195
    303 13 52 16.147038 13 52 16.159923 195
    303 13 52 16.147038 13 52 16.181556 195
    304 13 52 17.933413 13 52 17.939036 121
    304 13 52 17.933413 13 52 17.942075 121
    304 13 52 17.933413 13 52 17.952206 121
    305 13 52 19.721217 13 52 19.727015 285
    305 13 52 19.721217 13 52 19.732338 285
    305 13 52 19.721217 13 52 19.762063 285
    306 13 52 21.508300 13 52 21.511572 208
    306 13 52 21.508300 13 52 21.514354 208
    306 13 52 21.508300 13 52 21.527315 208
    307 13 52 23.296281 13 52 23.300394 150
    307 13 52 23.296281 13 52 23.305549 150
    307 13 52 23.296281 13 52 23.316743 150
    308 13 52 25.083417 13 52 25.087187 297
    308 13 52 25.083417 13 52 25.091822 297
    308 13 52 25.083417 13 52 25.104687 297
    309 13 52 26.871356 13 52 26.875291 126
    309 13 52 26.871356 13 52 26.879819 126
    309 13 52 26.871356 13 52 26.891465 126
    310 13 52 28.658695 13 52 28.666894 144
    310 13 52 28.658695 13 52 28.672191 144
    310 13 52 28.658695 13 52 28.711536 144
    311 13 52 30.446743 13 52 30.453322 161
    311 13 52 30.446743 13 52 30.457751 161
    311 13 52 30.446743 13 52 30.474752 161
    312 13 52 32.234515 13 52 32.239159 138
    312 13 52 32.234515 13 52 32.242211 138
    312 13 52 32.234515 13 52 32.253765 138
    313 13 52 34.022494 13 52 34.026443 183
    313 13 52 34.022494 13 52 34.031260 183
    313 13 52 34.022494 13 52 34.042426 183
    314 13 52 35.810219 13 52 35.815543 180
    314 13 52 35.810219 13 52 35.821495 180
    314 13 52 35.810219 13 52 35.831039 180
    315 13 52 37.596513 13 52 37.599325 139
    315 13 52 37.596513 13 52 37.601951 139
    315 13 52 37.596513 13 52 37.613478 139
    316 13 52 39.383299 13 52 39.387439 309
    316 13 52 39.383299 13 52 39.391768 309
    316 13 52 39.383299 13 52 39.401275 309
    317 13 52 41.171055 13 52 41.176306 264
    317 13 52 41.171055 13 52 41.183257 264
    317 13 52 41.171055 13 52 41.192178 264
    318 13 52 42.962078 13 52 42.964612 126
    318 13 52 42.962078 13 52 42.968763 126
    318 13 52 42.962078 13 52 42.982294 126
    319 13 52 44.750104 13 52 44.753441 300
    319 13 52 44.750104 13 52 44.757603 300
    319 13 52 44.750104 13 52 44.769811 300
    320 13 52 46.539467 13 52 46.543510 234
    320 13 52 46.539467 13 52 46.546032 234
    320 13 52 46.539467 13 52 46.554103 234
    321 13 52 48.327562 13 52 48.332725 158
    321 13 52 48.327562 13 52 48.339332 158
    321 13 52 48.327562 13 52 48.348765 158
    322 13 52 50.115484 13 52 50.121432 250
    322 13 52 50.115484 13 52 50.124332 250
    322 13 52 50.115484 13 52 50.136584 250
    323 13 52 51.904164 13 52 51.910138 122
    323 13 52 51.904164 13 52 51.912465 122
    323 13 52 51.904164 13 52 51.933604 122
    324 13 52 53.690836 13 52 53.695987 215
    324 13 52 53.690836 13 52 53.700569 215
    324 13 52 53.690836 13 52 53.729721 215
    325 13 52 55.478497 13 52 55.481356 271
    325 13 52 55.478497 13 52 55.484809 271
    325 13 52 55.478497 13 52 55.498312 271
    326 13 52 57.266226 13 52 57.270256 176
    326 13 52 57.266226 13 52 57.274205 176
    326 13 52 57.266226 13 52 57.287738 176
    327 13 52 59.053913 13 52 59.056051 121
    327 13 52 59.053913 13 52 59.057982 121
    327 13 52 59.053913 13 52 59.067271 121
    328 13 53 0.841566 13 53 0.846283 276
    328 13 53 0.841566 13 53 0.850780 276
    328 13 53 0.841566 13 53 0.862992 276
    329 13 53 2.629958 13 53 2.633824 206
    329 13 53 2.629958 13 53 2.637408 206
    329 13 53 2.629958 13 53 2.647633 206
    330 13 53 4.417852 13 53 4.421457 266
    330 13 53 4.417852 13 53 4.424589 266
    330 13 53 4.417852 13 53 4.438172 266
    331 13 53 6.205665 13 53 6.210568 243
    331 13 53 6.205665 13 53 6.213717 243
    331 13 53 6.205665 13 53 6.221963 243
    332 13 53 7.993444 13 53 8.003577 185
    332 13 53 7.993444 13 53 8.011553 185
    332 13 53 7.993444 13 53 8.045055 185
    333 13 53 9.781302 13 53 9.785572 117
    333 13 53 9.781302 13 53 9.789539 117
    333 13 53 9.781302 13 53 9.800347 117
    334 13 53 11.569197 13 53 11.576342 108
    334 13 53 11.569197 13 53 11.580433 108
    334 13 53 11.569197 13 53 11.594775 108
    335 13 53 13.357130 13 53 13.362724 135
    335 13 53 13.357130 13 53 13.364862 135
    335 13 53 13.357130 13 53 13.376587 135
    336 13 53 15.145028 13 53 15.152883 233
    336 13 53 15.145028 13 53 15.156098 233
    336 13 53 15.145028 13 53 15.180724 233
